8 18 12
0 0 0
0 1 1
1 1 1
1 0 1
0 0 1
0 1 0
1 1 0
1 0 0
26
28
30
32
34
36
25
27
29
31
33
35
5 6 7 25 2
2 12 7 1 25
4 16 1 4 26
3 24 1 26 3
6 10 8 27 6
2 1 8 5 27
1 20 2 8 28
5 14 2 28 7
6 18 9 10 29
2 5 9 29 9
7 22 3 30 12
3 2 3 11 30
8 19 10 31 14
1 8 10 13 31
4 23 4 16 32
5 3 4 32 15
8 21 11 33 18
7 9 11 17 33
1 13 5 20 34
6 7 5 34 19
7 17 12 22 35
3 11 12 35 21
8 15 6 36 24
4 4 6 23 36
4 26 7 2 1
2 25 1 3 4
1 28 8 6 5
2 27 2 7 8
3 30 9 9 10
6 29 3 12 11
4 32 10 14 13
1 31 4 15 16
1 34 11 18 17
7 33 5 19 20
4 36 12 21 22
7 35 6 24 23